v 12.96 10.488 0.0 
v 12.841 10.963 0.0 
v 12.647 11.412 0.0 
v 12.382 11.824 0.0 
v 9.8 9.8 0.3 
v 9.4 9.4 0.3 
v 9.01 9.01 0.3 
v 8.829 0.221 0.3 
v 9.8 9.8 0.6 
v 9.4 9.4 0.6 
v 9.01 9.01 0.6 
v 0.344 8.829 0.6 
v 9.8 9.8 0.8999999999999999 
v 9.4 9.4 0.8999999999999999 
v 9.039 1.968 0.8999999999999999 
v 9.8 9.8 1.2 
v 9.4 9.4 1.2 
v 9.039 1.968 1.2 
v 9.039 9.039 1.2 
v 9.04 9.04 1.2 
v 9.039 5.102 1.2 
vn 0.14249999999999988 0.03570000000000046 1.5828719999999998 
vn 0.13470000000000049 0.05819999999999972 1.591031000000003 
vn 0.12359999999999971 0.07950000000000017 1.600143999999998 
vn -0.1200000000000001 0.1200000000000001 0.0 
vn -0.11700000000000016 0.11700000000000016 0.0 
vn -2.6367 0.054299999999999744 0.0 
vn -0.12000000000000008 0.12000000000000008 0.0 
vn -0.11700000000000015 0.11700000000000015 0.0 
vn -0.05429999999999974 2.5997999999999997 -3.309150000000005 
vn -0.12000000000000012 0.12000000000000012 0.0 
vn -2.2296000000000005 0.10830000000000022 -1.1313740000000023 
